Время обучения и предсказания: 3813.7991693019867
R2: 0.03232629718034946
RMSE: 1214.4186944212465
MSE: 1477650.2598277982
MAE: 979.2225300010402
MAPE: 1.8927673436985641
