Время обучения и предсказания: 1303.4537570476532
R2: 0.032198178222061224
RMSE: 1214.498358231291
MSE: 1477842.3091114843
MAE: 979.2873291244583
MAPE: 1.892732061954562
